       2   1 1 2003        0        0       13  0.1759      0.1759      0.1759      5.91      9.40
       9   2 1 1990      145        0        4  0.1631      0.1631      0.3390      6.09      8.92
       8   3 2 1989      145        0        2  0.1094      0.1094      0.4484      7.73      8.85
      10   4 2 1991        0        7        3  0.0916      0.0916      0.5400      8.34      8.84
       4   5 2 2000        0        0        2  0.0674      0.0674      0.6074      9.24      8.83
     144   6 2 2000        0        0        3  0.0828      0.0599      0.6673      9.52      8.79
      21   7 2 2007       25       24        4  0.0662      0.0331      0.7004     10.31      8.54
     186   8 1 2004        0        0        2  0.0270      0.0270      0.7273     10.51      8.00
       3   9 1 2000        0        0        2  0.0172      0.0172      0.7445     10.81      6.52
       1  10 1 2000        0        0        2  0.0300      0.0135      0.7580     10.92     11.32
       1  11 1 2000        0        0        2  0.0300      0.0000      0.7580     11.32     11.32
       1  12 1 2000        0        0        2  0.0300      0.0000      0.7580     11.32     11.32
       1  13 1 2000        0        0        2  0.0300      0.0000      0.7580     11.32     11.32
       1  14 1 2000        0        0        2  0.0300      0.0000      0.7580     11.32     11.32
       1  15 1 2000        0        0        2  0.0300      0.0000      0.7580     11.32     11.32
       1  16 1 2000        0        0        2  0.0300      0.0000      0.7580     11.32     11.32
       1  17 1 2000        0        0        2  0.0300      0.0000      0.7580     11.32     11.32
       1  18 1 2000        0        0        2  0.0300      0.0000      0.7580     11.32     11.32
       1  19 1 2000        0        0        2  0.0300      0.0000      0.7580     11.32     11.32
       1  20 1 2000        0        0        2  0.0300      0.0000      0.7580     11.32     11.32
