0099367733
0099369329
0099369350
0099367589
0099368233
3099369286
0099367984
0099369470
0099369327
0099367759
0099367829
0099367594
0099369391
0052027958
0099368660
0099368270
0099369270
0099368518
0052469342
0097053527
0099368579
0993692881
0052469344
0099369356
0099367861
0099369341
0099368290
0099367710
2099369936
0099368438
0099368779
0099369062
0099369347
0099369346
0099367363
0099367394
0099369338
0099369337
0099367853
0099368442
0099368245
0099369263
0099367971
0099369344
0099369343
0099367839
0099369453
0993692879
0099369304
0099368374
0099367390
0099368381
0099368777
0099367408
0099367878
0099367410
0099367687
0099368550
0099367320
0099367576
0000000403
0099369274
0099369138
0099369273
0099369454
0099368692
0099367332
0099368723
0099367321
0052469345
0099367376
0099368557
0099367397
0099367402
0099367954
0099368538
2099369931
0099368356
0099367704
0099368809
0099368784
0099367315
0097085442
0099368236
0099369218
0099368022
0099369223
0099369435
0099369268
0099369051
0099369447
0000000174
0099369345
0000000182
0099367678
0099367775
0099367785
0099368473
0099367963
0099368013
0099368172
0099368825
2099369930
0099368115
0099369438
0099369130
0099368327
0099368862
0099368989
0099369167
0099367458
0099367537
0099367632
0099367652
0099368254
0099367216
0099369296
0099367424
0099367470
0099367510
0099367542
0099367616
0099367624
0099368633
0099369183
0099367319
0099369467
2099369938
0099368631
0099368853
0099369425
2099369937
0099368399
0099369011
0099369465
0099367940
0099368027
0099368269
0099368460
0099368807
0099367573
0099367584
0099367720
0099367745
0099367809
0099368408
0099367768
0099368123
0099368241
0099368306
0099368994
0099367569
0099369018
0099369164
0099367382
0099369440
2099369946
0099367955
0099369423
0099368876
0099369056
0099369178
0099367830
0099368837
0099368893
0099369196
0099369401
0099369265
0099368979
0099367395
0099369324
0099369430
0099367977
0099369101
0099367218
0099367323
0099369381
0099367973
0099368023
0099368219
0099368333
0099368413
0099369075
0099369267
0099368609
0099368794
0099369027
0099369094
0099369298
0099368307
0099368967
0099367307
0099369281
0099369462
0099369269
0099368976
0099369065
0099367396
0099369449
2099369941
0099368839
0099369321
0099369353
0099369352
0000000200
0000000007
0000000203
0000000202
0000000201
0099369271
0099369135
0099369176
0099369288
0099369451
0099367580
0099367613
0099367676
0099367359
0099369406
0099367902
0099368348
0099368725
0099369149
0099367365
0099369314
0099369309
0099367404
0099367507
0099367578
0099367907
0099368295
0099368470
0099367360
0097108047
0099368080
0000188785
0099368338
0099368456
0002087649
0099368847
2099369940
0099368767
0099369193
0099369285
0099369392
0099369396
0099369266
0099369107
0099367322
0099369297
0099369439
0099369334
0099367906
0000000402
0099368519
0099368990
0993693245
0099369463
0099369464
0099367428
0099367494
0099367713
0099367763
0099367875
0099368158
0099368376
0099368560
0099367259
0099367481
0099367831
0099368299
0099368562
0099369310
0099369317
0099369437
0099367603
0099367672
0099367757
0099367872
0099367911
0099368018
0099368205
0099368855
0099368963
0099368215
0099368240
0099368429
0099368947
0099369224
0099367371
0099367656
0099367692
0099367884
0099367956
0099367989
0099368105
0099368835
0099367263
0099367446
0099367509
0099367714
0099367848
0096177030
0099367976
0099367997
0099368334
0099367403
0095462478
0099368096
0099368112
0099368320
0099368393
0099369302
0099369378
0099369404
0090640036
0099367638
0094288559
0099367791
0099367958
0099368065
0099368067
0099368189
0099368699
0099367492
0099367508
0099367534
0099367577
0099367601
0099367625
0099368191
0099368343
0099368353
0099368949
0099367437
0091452842
0099367671
0099367686
0099367752
0099367888
0099368008
0099368052
0099368547
0099368576
0099369041
0099367247
0091462229
0099367538
0099367543
0099367698
0099367744
0099367962
0099368362
0099368689
0099368730
0099368959
0099369413
0099369414
0099367565
0099367596
0099367788
0099367988
0099368011
0099368179
0099368235
0099368813
0099368953
0099369049
0099367219
0099367380
0099367385
0099369461
0095462694
0099367825
0097053503
0099367203
0099368423
0099368558
0099368781
0099368840
0099368936
0099369143
0099367235
0099367351
0099367378
0099369312
0099367414
0090639728
0099367463
0099367582
0094308544
0099367897
0099367930
0099368015
0099368062
0099368078
0099368128
0099368214
0099368371
0099369059
0099367288
0099369441
0099369442
0099367435
2099369933
2099369939
0099369422
0099367972
0099367996
0099368132
0099368412
0099368549
0099368594
0099368700
0099369421
0099369009
0099369427
0099367226
0099367419
0099367488
0099367519
0099367696
0099367793
0099367833
0099368207
0099368424
0099368583
0099368585
0099368747
0099368861
0099369165
0099367252
0099369426
0099369292
0099367413
0091406848
0099367460
0092171310
0099367767
0096047395
0099368020
0099368021
0099368098
0099368145
0099368285
0099368222
0099368394
0099368396
0099368463
0099368729
0099368760
0099368895
0099368938
0099369069
0099369157
0099367566
0093086781
0099367639
0099367654
0099367738
0095472130
0099367901
0099367909
0099367917
0099368024
0099368249
0099368432
0099368614
0099368663
0099368748
0099368978
0099369136
0099369214
0099367293
0099367310
0099367314
0099369436
0099367415
0099367427
0099367462
0099367520
0099367614
0094283216
0094283215
0097053520
0099367936
0099368005
0099368049
0099368148
0099368319
0099368520
0099368656
0099368659
0099368701
0099368764
0099368792
0099368910
0099369187
0099369169
0099369444
0090636566
0091452840
0099367546
0093075125
0099367730
0095462482
0099367798
0099367985
0099368384
0099368440
0099368677
0099368757
0099368909
0099368932
0099368950
0099369039
0099369052
0099369151
0099367337
0099369358
0099369379
0099369405
0099369357
0091441639
0092179917
2099369935
0099367886
0099367964
0099368016
0099368060
0099368100
0099368181
0099368238
0099368375
0099368504
0099368648
0099368611
0099368783
0099368852
0099369087
0099369210
0099369226
0099367264
0099369342
0099367333
0099367386
0099369332
0099369355
0099369333
0099369375
0099367439
0099367574
0099367688
0099367756
0099367859
0096172933
0099367870
0099368009
0099368037
0098092159
0099368121
0099368213
0099368296
0099368357
0099368403
0099368402
0099368409
0099368439
0099368531
0099368667
0099368658
0099368749
0099368834
0099368892
0099369044
0099369106
0099369185
0099369209
0099369303
0099369417
0099369418
0099367434
0099367448
0091452839
0092186112
0099367619
0093072289
0094308543
0099367712
0099367844
0099367871
0099367881
0099367968
0099368010
0099368076
0099368131
0099368150
0099368151
0099368190
0099368223
0099368251
0099368351
0099368360
0099368365
0099368555
0099368508
0099368628
0099368662
0099368814
0099369111
0099367214
0099367362
0099369283
0099369380
0099367409
0099367549
0099367620
0099367631
0099367681
0099367702
0099367743
0099367746
0099367864
0099367865
0099367919
0098113642
0099368002
0099368039
0099368111
0099368129
0099368183
0099368184
0099368255
0099368276
0099368366
0099368431
0099369411
0099368569
0099368686
0099368782
0099368907
0099368901
0099368971
0099369132
0099367281
0099369289
0099369458
0099367411
0090639978
0099367491
0092179082
0099367528
0093075121
0099367627
0099367691
0099367737
0099367790
0099367810
0099367863
0099367879
0097110955
0099367885
0099368001
0099368137
0099368192
0099368195
0099368268
0099368301
0099368310
0001380642
0099368395
0099368398
0099368534
0099368634
0099369397
0099369014
0099369128
0099369348
0099369156
0099369173
0099369200
0099369228
0099369237
0099367355
0099369282
0099369374
0099369373
0099367407
0090654121
0092181687
0099367535
0099367634
0099367719
0095472134
0099367740
0099367868
0099367948
0099367967
0099368007
0099368088
0099368095
0099368136
0099368217
0099368226
0099368227
0000173578
0099368316
0099368345
0099368448
0099368514
0099368598
0099368615
0099368681
0099368702
0099368716
0099368890
0099368918
0099369351
0099368937
0099369050
0099369063
0099369139
0099369198
0099369319
0099369313
0099369384
0099369361
0090600136
0099367553
0099367570
0093040067
0099367653
0099367747
0099367764
0099367805
0099367855
0099367832
0096100780
0099367891
0099367910
0099367947
0099367986
0099368031
0099368113
0099368152
0099368208
0099368242
0099368264
0099368298
0099368321
0099368382
0099368385
0099368389
0099368479
0099368487
0099368540
0099368641
0099368673
0099368805
0099368908
0099368916
0099369010
0099369068
0099367246
0099367329
0099367334
0099369339
0099369315
0099369307
0090657641
0099367487
0091406843
0099367516
0099367522
0099367599
0099367629
0099367651
0099367658
0099367750
0099367754
0099367792
0099367801
0096042353
0099367994
0993692880
0099368053
0099368073
0099368083
0099368124
0099368216
0099368337
0099368340
0002087648
0099368450
0099368525
0099369272
0993692878
0099368626
0099368629
0099368637
0099368898
0099368906
0099369089
0099369067
0099369349
0099369179
0099369364
0099369207
0099367220
0099367304
0099367330
0099369399
0099369362
0099369284
0099369359
0099369360
0099369340
0099367456
0099367511
0099367532
0092181685
0099367593
0099367600
0099367626
0099367628
0094296477
0099367721
0095444551
0099367856
0099367852
0099367874
0099367899
0099367900
0099367942
0099367965
0099368003
0099368006
0099368032
0099368038
0099368066
0099368087
0099368126
0099368196
0099368209
0099368300
0099368314
0099368358
0099368397
0099368407
0099368449
0099368492
0099368524
0099368610
0099368682
0099368759
0099368778
0099368831
0099368988
0099369071
0099369072
0099367268
0099367317
0099369431
0099367352
0099369433
0099369387
0099369434
0099367760
