3310006218
3310052861
3310088030
3310100051
3310100393
3310174957
3310174959
3310195031
3310195032
3310195033
3310313039
3310394359
3310399681
3310399686
3310403826
3310429960
3310429961
3310429963
3310507202
3310507204
3310507206
3310510831
3310510832
3310510834
3310510835
3310510836
3310510837
3310510839
3310511070
3310516326
3310516327
3310516328
3310516330
3310519151
3310519152
3310523166
3310523168
3310523169
3310523170
3310523171
3310523172
3310523173
3310523174
3310530194
3340007811
3340013015
3340013017
3340018075
3340018986
3340018987
3340018988
3340018989
3340018991
3340018992
3340024040
3340024041
3340024042
3340024044
3340024045
3340024046
3340024047
3340024048
3340025631
3340025633
3340025638
3340025639
4004294145
4004294149
4004334487
4004334488
4004334907
4004334908
4004334909
4004366172
4004366173
4004366175
3310532743
3310532744
3310532745
3310532748
3310539898
4004379514
4004379515
4004366176
3310539901
3310539902
3310539903
3310539904
3310530201
3310547387
3310539899
3310546219
3310546221
3310546222
3310546224
3310546225
3310546228
3310546226
3310546231
3310547388
3310547390
3310547391
3310547392
4004379516
4004379517
4004379518
4004379519
4004379520
4004379521
4004379522
4004379523
3310551492
3310546233
3310553908
3310553912
3310553906
3310553907
3310553914
3310553915
3310537633
3310547038
4004402289
4004402290
4004402291
4004402283
4004402285
4004413468
4004402286
4004402287
4004402288
4004402282
3310560838
3310551493
3310564443
3310553916
3310553917
3310547394
3310561659
3310561661
3310547393
3310547395
3310547396
3310561660
33105514902
3310560839
3310560840
3310564444
3310553916
3310553917
4004413469
404413470
4004413471
4004413472
4004417318
4004417319
4004417322
4004417323
3310550704
