2099369826
2099369634
1099369603
2099369837
2099369439
0099368794
1099369386
1099369679
2099369459
1099369514
1099369765
0099369149
1099369357
2099369697
2099369519
1099369896
2099369710
2099369557
0099369429
0099369286
0099368809
0099368394
0083650761
1099369411
1099369333
1099369739
1099369704
2099369325
2099369593
1099369413
1099369727
2099369382
1099369529
0059045206
2099369397
0099369323
1099369876
2099369422
0099368768
2099369845
1099369305
1099369681
0058001550
0099369383
1099369330
1099369598
1099369792
2099369913
2099369537
1099369402
1099369762
0099369089
2099369741
1099369442
0060005265
0059026073
0099369370
0099369471
1099369458
2099369801
2099369353
1099369470
2099369388
2099369636
1099369606
2099369840
1099369649
2099369858
1099369819
2099369460
2099369879
2099369497
2099369901
1099369516
2099369523
1099369499
1099369710
2099369560
0099369382
0099368463
0089549052
2099369786
2099369290
0058000721
2099369329
0099369282
1099369718
2099369822
0059050343
1099369883
0099369311
0099369466
0099368288
2099369650
2099369424
1099369669
2099369487
0099367389
1099369588
0058034841
2099369914
1099369445
2099369538
1099369858
0099367339
0099367922
0096042352
0059049680
2099369308
0060004264
1099369811
2099369355
1099369542
2099369390
2099369411
1099369719
2099369656
1099369651
0099368547
2099369462
2099369881
2099369499
0099368829
2099369908
2099369700
2099369525
0097108047
0060010848
1099369861
0075006172
0091406848
0059049037
1099369343
2099369331
0099369398
0099367616
1099369419
2099369824
0059057164
1099369398
2099369426
1099369504
2099369453
2099369489
2099369514
1099369735
2099369541
1099369438
0099368371
0099369371
0099369416
0099369308
2099369276
0059056239
1099369378
1099369634
0058022660
0099367504
2099369372
1099369427
1099369521
1099369316
1099369612
0059047878
1099369653
2099369467
2099369688
1099369769
1099369732
1099369696
2099369527
2099369563
0099369365
2099369292
1099369390
0000000307
2099369601
1099369426
1099369559
2099369403
0099369336
2099369834
1099369578
0099369330
1099369532
1099369675
1099369465
1099369356
0058043008
2099369893
1099369851
2099369546
1099369839
1099369344
0099367619
2099369730
0099367447
1099369285
2099369572
2099369315
1099369829
1099369399
1099369410
2099369375
2099369818
2099369623
2099369392
1099369715
2099369640
1099369613
0086264757
1099369617
1099369888
2099369860
1099369736
0099368660
2099369884
2099369692
2099369505
1099369855
2099369529
2099369918
1099369843
0099369366
0099367494
1099369358
0098113642
1099369404
0099369456
0087309981
0058500016
2099369797
2099369579
2099369336
0099367353
2099369364
0082631078
2099369629
2099369405
0099369385
0099369178
0099367733
0058043092
0000000250
0060005018
0059037160
2099369684
2099369494
0099369354
1099369587
2099369693
1099369716
1099369340
1099369838
2099369716
1099369545
0082595474
1099369393
1099369289
2099369317
1099369406
2099369615
2099369377
1099369806
1099369538
2099369642
1099369615
1099369657
1099369741
2099369474
2099369887
2099369507
0060004265
1099369321
2099369533
0099368403
0099369312
1099369781
2099369721
2099369736
1099369475
0099369457
2099369298
2099369799
2099369343
0099369460
2099369809
1099369575
2099369407
1099369551
2099369432
2099369671
1099369304
1099369608
1099369892
0099368071
0060006264
1099369818
2099369551
1099369616
0099369446
1099369593
1099369381
2099369755
0099368285
1099369296
1099369335
1099369380
0099369377
2099369803
2099369590
1099369407
0099369058
1099369537
2099369378
1099369550
1099369802
0099367466
0060003379
1099369309
0099369469
1099369794
2099369477
2099369510
1099369530
2099369535
0099369368
1099369287
2099369712
2099369726
2099369738
0099369450
0099367662
2099369761
2099369772
0099367892
2099369301
1099369827
2099369345
2099369811
1099369452
2099369631
2099369409
1099369336
1099369701
1099369645
0099369075
1099369558
2099369458
1099369350
2099369495
1099369821
1099369780
2099369706
2099369554
1099369302
2099369732
0099368728
2099369747
2099369756
1099369314
0059028769
1099369620
1099369370
0099367275
1099369439
2099369591
0059050356
0099367940
2099369813
1099369496
1099369276
2099369395
0099369187
2099369417
0099369293
0059000505
1099369298
0099368987
0099369328
0060004018
2099369676
2099369480
1099369785
1099369640
1099369832
1099369374
1099369674
0099367211
2099369728
1099369833
0060007265
0059046436
0099367856
0099367755
2099369766
1099369511
0099369376
2099369302
0099367700
0059050337
2099369348
1099369515
0058500049
1099369460
1099369600
2099369836
2099369438
2099369855
1099369577
1099369695
0099368117
1099369481
1099369763
2099369696
2099369518
2099369708
2099369556
2099369720
0099369294
0099369472
0059028781
2099369758
0099368907
1099369744
1099369396
2099369280
2099369793
2099369324
2099369808
2099369359
2099369815
2099369617
2099369381
0059001071
1099369599
2099369396
0099367393
0060014300
1099369642
2099369421
1099369567
2099369449
2099369679
2099369482
1099369311
2099369513
1099369712
0099367994
0099368667
1099369835
1099369752
0099369408
1099369862
2099369750
0060004015
0059039816
0099369403
2099369791
0058034840
2099369587
1099369880
0058043365
1099369451
1099369604
0099369290
0099368048
2099369838
2099369440
1099369397
1099369754
1099369697
1099369720
2099369496
1099369403
2099369698
2099369520
1099369392
0059045352
2099369558
0060006294
1099369519
1099369299
2099369576
2099369327
0099368978
2099369360
2099369383
1099369611
1099369676
2099369398
0099367370
2099369649
2099369423
2099369848
2099369450
2099369485
2099369889
1099369798
0099369320
1099369639
0059040380
1099369834
1099369734
0099369407
0099367361
2099369751
0099367607
2099369778
2099369567
2099369304
1099369387
2099369354
0099367770
1099369882
2099369389
0058022778
0099368257
1099369869
2099369655
1099369650
2099369674
1099369702
0059000624
2099369498
1099369591
2099369943
2099369524
1099369648
1099369801
2099369561
0099368588
0059000935
2099369291
2099369578
0059000730
0099369316
0099367542
1099369417
1099369775
1099369557
0099369299
0099369388
1099369377
2099369425
1099369495
1099369670
0089534544
2099369488
1099369803
0099369452
2099369915
1099369680
2099369540
0099368555
0089532263
2099369312
0076019328
0059009407
2099369356
1099369472
1099369520
1099369848
2099369412
2099369659
2099369442
0080390193
1099369705
1099369893
0099369287
2099369909
1099369660
2099369526
1099369823
2099369562
0099367803
0099369326
2099369787
1099369345
2099369333
0099369214
2099369597
1099369420
1099369383
2099369942
0060008323
1099369401
1099369622
1099369342
2099369667
0058500112
1099369749
2099369516
2099369543
0099368834
2099369925
1099369284
0060011120
1099369721
0097110955
2099369569
2099369314
1099369646
1099369837
2099369357
2099369611
2099369373
2099369622
2099369391
2099369827
1099369508
1099369543
1099369562
0058022779
2099369469
0099368648
1099369764
0059038777
1099369813
1099369776
2099369528
1099369462
2099369274
2099369734
1099369349
2099369335
1099369431
1099369589
1099369582
0075010596
2099369428
0059032230
0058000982
0091441639
2099369680
1099369891
1099369503
1099369277
1099369814
2099369547
0099369044
0099367461
1099369365
2099369715
2099369731
0099369443
1099369286
0099369445
1099369791
2099369316
1099369580
0099368984
2099369612
1099369474
0060000380
0059000614
1099369531
1099369874
2099369641
1099369614
0058042864
1099369688
2099369472
1099369527
1099369771
2099369702
2099369530
0099369300
1099369498
0059045190
0099368583
1099369856
0099367383
2099369297
1099369654
1099369428
2099369337
0099367503
1099369295
2099369365
2099369406
0099369335
2099369651
1099369636
2099369454
1099369566
1099369753
0099369331
1099369767
0059071631
2099369517
1099369707
2099369550
2099369717
0099369059
1099369561
0099368545
2099369742
1099369522
1099369293
2099369319
1099369320
1099369454
0059039804
1099369482
1099369526
1099369540
0099368404
0059059811
2099369841
2099369445
0099369306
1099369772
2099369476
2099369508
1099369857
1099369830
0099369369
2099369711
2099369723
2099369737
0093040969
1099369647
2099369771
2099369300
1099369784
2099369344
1099369711
2099369367
0075006178
2099369630
1099369592
1099369313
0059040867
1099369643
0099367855
1099369493
1099369683
2099369874
0058022707
1099369820
2099369705
2099369553
2099369719
1099369637
1099369610
1099369899
1099369297
0059050362
2099369321
2099369934
1099369425
0059050350
1099369408
1099369541
1099369483
2099369393
0099367454
1099369618
2099369844
2099369447
2099369863
2099369478
0099369087
2099369511
2099369912
1099369831
1099369565
1099369759
0099368158
0076032178
2099369739
0099368827
2099369763
0099369386
2099369773
0099369322
1099369366
0099368534
2099369347
0099369468
2099369812
2099369605
1099369852
2099369633
1099369523
1099369729
2099369653
2099369434
2099369672
1099369693
1099369812
0058035979
0099368953
1099369822
2099369707
1099369845
0059039623
0099369295
0099369372
1099369807
1099369758
0000000183
0081505827
0060006018
1099369315
1099369375
2099369573
2099369322
0059040503
1099369573
0087329507
1099369746
1099369502
2099369819
2099369626
1099369552
0099367523
1099369414
1099369886
0099367699
0060003116
0059032278
1099369846
1099369549
2099369481
2099369512
0099367404
1099369795
2099369536
1099369799
1099369678
0059028757
2099369749
1099369533
0099369432
0078204771
1099369432
1099369367
0099369296
2099369586
2099369351
2099369606
1099369463
